230.0,-10270.0
230.0,-10265.0
230.0,-10260.0
230.0,-10255.0
230.0,-10250.0
230.0,-10245.0
230.0,-10240.0
230.0,-10235.0
230.0,-10230.0
230.0,-10225.0
230.0,-10220.0
235.0,-10270.0
235.0,-10265.0
235.0,-10260.0
235.0,-10255.0
235.0,-10250.0
235.0,-10245.0
235.0,-10240.0
235.0,-10235.0
235.0,-10230.0
235.0,-10225.0
235.0,-10220.0
240.0,-10270.0
240.0,-10265.0
240.0,-10260.0
240.0,-10255.0
240.0,-10250.0
240.0,-10245.0
240.0,-10240.0
240.0,-10235.0
240.0,-10230.0
240.0,-10225.0
240.0,-10220.0
245.0,-10270.0
245.0,-10265.0
245.0,-10260.0
245.0,-10255.0
245.0,-10250.0
245.0,-10245.0
245.0,-10240.0
245.0,-10235.0
245.0,-10230.0
245.0,-10225.0
245.0,-10220.0
250.0,-10270.0
250.0,-10265.0
250.0,-10260.0
250.0,-10255.0
250.0,-10250.0
250.0,-10245.0
250.0,-10240.0
250.0,-10235.0
250.0,-10230.0
250.0,-10225.0
250.0,-10220.0
255.0,-10270.0
255.0,-10265.0
255.0,-10260.0
255.0,-10255.0
255.0,-10250.0
255.0,-10245.0
255.0,-10240.0
255.0,-10235.0
255.0,-10230.0
255.0,-10225.0
255.0,-10220.0
260.0,-10270.0
260.0,-10265.0
260.0,-10260.0
260.0,-10255.0
260.0,-10250.0
260.0,-10245.0
260.0,-10240.0
260.0,-10235.0
260.0,-10230.0
260.0,-10225.0
260.0,-10220.0
265.0,-10270.0
265.0,-10265.0
265.0,-10260.0
265.0,-10255.0
265.0,-10250.0
265.0,-10245.0
265.0,-10240.0
265.0,-10235.0
265.0,-10230.0
265.0,-10225.0
265.0,-10220.0
270.0,-10270.0
270.0,-10265.0
270.0,-10260.0
270.0,-10255.0
270.0,-10250.0
270.0,-10245.0
270.0,-10240.0
270.0,-10235.0
270.0,-10230.0
270.0,-10225.0
270.0,-10220.0
275.0,-10270.0
275.0,-10265.0
275.0,-10260.0
275.0,-10255.0
275.0,-10250.0
275.0,-10245.0
275.0,-10240.0
275.0,-10235.0
275.0,-10230.0
275.0,-10225.0
275.0,-10220.0
280.0,-10270.0
280.0,-10265.0
280.0,-10260.0
280.0,-10255.0
280.0,-10250.0
280.0,-10245.0
280.0,-10240.0
280.0,-10235.0
280.0,-10230.0
280.0,-10225.0
280.0,-10220.0
285.0,-10270.0
285.0,-10265.0
285.0,-10260.0
285.0,-10255.0
285.0,-10250.0
285.0,-10245.0
285.0,-10240.0
285.0,-10235.0
285.0,-10230.0
285.0,-10225.0
285.0,-10220.0
290.0,-10270.0
290.0,-10265.0
290.0,-10260.0
290.0,-10255.0
290.0,-10250.0
290.0,-10245.0
290.0,-10240.0
290.0,-10235.0
290.0,-10230.0
290.0,-10225.0
290.0,-10220.0
295.0,-10270.0
295.0,-10265.0
295.0,-10260.0
295.0,-10255.0
295.0,-10250.0
295.0,-10245.0
295.0,-10240.0
295.0,-10235.0
295.0,-10230.0
295.0,-10225.0
295.0,-10220.0
